# Created by Octave 4.0.3, Wed Dec 19 13:59:46 2018 CET <giorgiotidei@MacBook-Pro-di-Giorgio-2.local>
# name: a
# type: scalar
2


# name: ans
# type: scalar
0.5984721441039564


# name: b
# type: scalar
3


# name: dur
# type: scalar
0.1


# name: f
# type: scalar
12


# name: fc
# type: scalar
1000


# name: fz
# type: complex matrix
# rows: 1
# columns: 1001
 (1,0) (0.9999759774454853,0.006931416301624124) (0.9999039109361072,0.01386249958259631) (0.9997838039343091,0.02079291683826462) (0.999615662210645,0.0277223350959764) (0.9993994938435025,0.03465042143107594) (0.9991353092187141,0.0415768429828999) (0.9988231210290589,0.04850126697076965) (0.9984629442736528,0.05542336070997971) (0.998054796257227,0.06234279162778168) (0.9975986965892977,0.06925922727936268) (0.9970946671832229,0.07617233536381775) (0.9965427322551506,0.08308178374011521) (0.9959429183228544,0.08998724044305455) (0.9952952542044603,0.0968883736992155) (0.9945997710170612,0.1037848519428984) (0.9938565021752229,0.1106763438320541) (0.9930654833893779,0.1175625182642033) (0.99222675266411,0.1244430443923448) (0.9913403502963283,0.1313175916408505) (0.9904063188733312,0.1381858297213483) (0.9894247032707603,0.1450474286485908) (0.9883955506504442,0.1519020587563094) (0.9873189104581328,0.1587493907130533) (0.9861948344211214,0.1655890955380119) (0.985023376545766,0.1724208446168214) (0.9838045931148878,0.1792443097173523) (0.9825385426850696,0.1860591630054798) (0.9812252860838423,0.1928650770608349) (0.9798648864067626,0.1996617248925345) (0.9784574090143813,0.2064487799548927) (0.9770029215291032,0.2132259161631089) (0.9755014938319378,0.2199928079089351) (0.973953198059143,0.2267491300763196) (0.9723581085987577,0.2334945580570273) (0.970716302087029,0.2402287677662353) (0.9690278574047299,0.2469514356581039) (0.9672928556733689,0.2536622387413214) (0.9655113802512937,0.2603608545946218) (0.963683516729685,0.2670469613822762) (0.961809352928445,0.273720237869555) (0.9598889788919781,0.2803803634381618) (0.9579224868848639,0.2870270181016374) (0.9559099713874255,0.2936598825207339) (0.9538515290911894,0.3002786380187571) (0.9517472588942402,0.3068829665968774) (0.9495972618964688,0.3134725509494083) (0.9474016413947153,0.3200470744790511) (0.9451605028778063,0.3266062213121059) (0.9428739540214861,0.3331496763136481) (0.9405421046832438,0.3396771251026685) (0.9381650668970353,0.3461882540671786) (0.9357429548678998,0.3526827503792774) (0.9332758849664741,0.3591603020101812) (0.9307639757234005,0.3656205977452159) (0.9282073478236326,0.3720633271987686) (0.9256061241006365,0.3784881808292) (0.9229604295304895,0.3848948499537171) (0.9202703912258757,0.3912830267632032) (0.9175361384299789,0.3976524043370071) (0.9147578025102726,0.4040026766576889) (0.9119355169522091,0.4103335386257223) (0.9090694173528058,0.4166446860741539) (0.9061596414141302,0.4229358157832167) (0.9032063289366847,0.4292066254948975) (0.9002096218126894,0.4354568139274603) (0.8971696640192646,0.4416860807899203) (0.8940866016115139,0.4478941267964719) (0.890960582715507,0.4540806536808678) (0.8877917575211625,0.4602453642107495) (0.8845802782750324,0.4663879622019272) (0.8813262992729871,0.4725081525326109) (0.8780299768528027,0.4786056411575889) (0.8746914693866492,0.4846801351223552) (0.8713109372734817,0.4907313425771853) (0.8678885429313344,0.4967589727911569) (0.8644244507895164,0.5027627361661193) (0.8609188272807125,0.5087423442506068) (0.8573718408329862,0.5146975097536967) (0.8537836618616882,0.5206279465588133) (0.8501544627612685,0.5265333697374736) (0.8464844178969934,0.5324134955629771) (0.8427737035965686,0.5382680415240376) (0.8390224981416674,0.5440967263383559) (0.8352309817593646,0.5498992699661347) (0.8313993366134784,0.5556753936235327) (0.8275277467958175,0.5614248197960591) (0.8236163983173368,0.5671472722519063) (0.8196654790992005,0.5728424760552224) (0.8156751789637531,0.5785101575793199) (0.8116456896253996,0.5841500445198216) (0.8075772046813947,0.5897618659077447) (0.8034699196025412,0.5953453521225189) (0.7993240317237984,0.60090023490494) (0.7951397402348014,0.6064262473700595) (0.7909172461702912,0.6119231240200054) (0.7866567524004555,0.6173906007567401) (0.7823584636211817,0.6228284148947478) (0.7780225863442231,0.6282363051736551) (0.7736493288872761,0.633614011770784) (0.7692389013639721,0.6389612763136348) (0.7647915156737823,0.6442778418922994) (0.7603073854918372,0.649563453071805) (0.7557867262586601,0.6548178559043861) (0.7512297551698167,0.6600407979416858) (0.74663669116548,0.6652320282468844) (0.7420077549199108,0.670391297406756) (0.7373431688308557,0.6755183575436512) (0.732643157008862,0.6806129623274068) (0.7279079452665099,0.6856748669871804) (0.7231377611075642,0.6907038283232108) (0.7183328337160426,0.6956996047185022) (0.7134933939452056,0.7006619561504333) (0.7086196743064648,0.7055906442022881) (0.7037119089582112,0.710485432074712) (0.6987703336945664,0.715346084597088) (0.6937951859340529,0.7201723682388357) (0.6887867047081867,0.7249640511206312) (0.6837451306499949,0.7297209030255483) (0.6786707059824524,0.7344426954101182) (0.6735636745068458,0.7391292014153112) (0.6684242815910594,0.7437801958774354) (0.6632527741577858,0.7483954553389547) (0.6580494006726637,0.7529747580592248) (0.6528144111323394,0.7575178840251475) (0.6475480570524562,0.7620246149617406) (0.6422505914555702,0.7664947343426244) (0.6369222688589932,0.7709280274004262) (0.6315633452625655,0.7753242811370977) (0.6261740781363558,0.7796832843341487) (0.6207547264082904,0.7840048275627953) (0.6153055504517142,0.788288703194022) (0.6098268120728801,0.792534705408557) (0.6043187744983708,0.7967426302067608) (0.598781702362452,0.800912275418428) (0.5932158616943585,0.8050434407124996) (0.5876215199055116,0.8091359276066886) (0.581998945776673,0.813189539477016) (0.5763484094450293,0.8172040815672575) (0.5706701823912148,0.8211793609983009) (0.5649645374262675,0.8251151867774121) (0.5592317486785217,0.8290113698074126) (0.5534720915804379,0.8328677228957642) (0.5476858428553691,0.8366840607635619) (0.5418732805042665,0.8404602000544371) (0.536034683792322,0.8441959593433656) (0.530170333235551,0.8478911591453852) (0.5242805105873153,0.8515456219242185) (0.5183654988247864,0.8551591721008027) (0.5124255821353496,0.8587316360617256) (0.5064610459029494,0.862262842167567) (0.5004721766943795,0.8657526207611443) (0.4944592622455141,0.8692008041756645) (0.4884225914474835,0.8726072267427796) (0.4823624543327942,0.8759717248005457) (0.4762791420613949,0.879294136701287) (0.4701729469066867,0.8825743028193616) (0.4640441622414815,0.8858120655588304) (0.4578930825239069,0.8890072693610298) (0.4517200032832586,0.8921597607120447) (0.4455252211058019,0.8952693881500843) (0.4393090336205216,0.8983360022727596) (0.4330717394848234,0.9013594557442604) (0.4268136383701839,0.9043396033024352) (0.4205350309477537,0.9072763017657696) (0.4142362188739109,0.9101694100402657) (0.4079175047757684,0.913018789126221) (0.4015791922366337,0.9158243021249068) (0.3952215857814243,0.9185858142451451) (0.3888449908620349,0.921303192809785) (0.382449713842664,0.9239763072620771) (0.3760360619850932,0.9266050291719461) (0.3696043434339253,0.9291892322421612) (0.3631548672017795,0.9317287923144041) (0.3566879431544442,0.9342235873752343) (0.3502038819959905,0.9366734975619511) (0.3437029952538437,0.9390784051683524) (0.3371855952638162,0.9414381946503901) (0.330651995155101,0.9437527526317213) (0.324102508835228,0.9460219679091554) (0.317537450974981,0.9482457314579968) (0.310957136993281,0.9504239364372837) (0.3043618830420307,0.9525564781949201) (0.2977520059909251,0.9546432542727048) (0.2911278234122279,0.9566841644112537) (0.2844896535655136,0.9586791105548165) (0.2778378153823757,0.9606279968559884) (0.2711726284511052,0.9625307296803146) (0.264494413001335,0.9643872176107889) (0.2578034898886544,0.9661973714522465) (0.2511001805791942,0.9679611042356485) (0.2443848071341804,0.9696783312222612) (0.237657692194463,